##########################################
# These problems were randomly generated.
##########################################
problem_set_number: 5
problems: 100

data:

 - problem: 1
   correct_answer: 869600
   guestCount: 4324
   packageSizes: [1,5,10,91,57,79,34,25,2,28,75,70,81,25,58,35,46,38,68,69,23,60,60,71,9,51,57,65,11,80,3,56,92,12,14,26,24,3,60,34,52,56,80,88,69,53,3,60,93,56]
   packageCosts: [286,1176,2789,19046,14542,16996,9876,5672,685,6227,19290,16734,20988,6101,13938,7088,9395,8799,13672,15880,6486,14192,17684,15591,2335,12402,15223,19408,2897,17646,893,14718,23167,3533,3519,6253,5143,926,14238,9476,14604,14868,16597,21528,16147,10870,727,16255,24244,14510]

 - problem: 2
   correct_answer: 1468064
   guestCount: 7248
   packageSizes: [1,5,10,98,92,62,39,82,37,49,92,35,59,27,26,82,77,60,19,75,40,28,32,51,14,63,92,32,58,23,40,91,45,54,7,9,82,63,17,54,3,76,45,73,23,73,62,20,75,45,70]
   packageCosts: [308,1284,2429,25149,27058,13050,8464,22851,8087,10621,19936,10227,12548,6870,7016,19475,22067,13641,4371,19621,11398,5874,9662,12561,3191,16970,27232,8796,13439,6298,9856,20627,11189,11154,2038,1939,18418,16911,3638,14703,710,19689,11342,21673,5080,17606,17190,5542,20556,9114,17638]

 - problem: 3
   correct_answer: 443037
   guestCount: 2187
   packageSizes: [1,5,10,87,32,18,46,41,64,19,1,68,79,82,80,93,38,57,78,45,35,63,46,8,58,29,33,91,75,20,65,97,98,6,89,20,37,20,63,85,49,75,93,16,68,90,44,49,33,37,97,14]
   packageCosts: [377,1324,2892,24936,8680,4834,11996,9282,18566,4131,283,16064,18759,23667,18022,18861,11185,16853,19755,9435,10230,17703,12419,2058,12920,6260,8228,23340,18369,5630,15031,23048,25305,1600,25919,4474,7491,4665,14986,21055,12192,15788,23299,4224,15793,18847,11958,11131,9274,9143,25670,3928]

 - problem: 4
   correct_answer: 905520
   guestCount: 4485
   packageSizes: [1,5,10,66,82,41,42,41,19,76,73,19,99,51,31,92,82,85,4,55,51,62,91,55,32,64,90,71,17,72,88,71,29,2,42,26,69,19,73,89,18,73,97,5,38,78,78,95,39,96,45,17,13]
   packageCosts: [301,1128,2652,18904,21464,10154,10484,11570,5376,17358,21250,4673,24939,10290,8929,20849,21602,23810,944,16081,11447,16715,26620,13057,6789,18056,24909,20260,4737,20332,24826,18045,8410,602,10463,6894,19488,5463,15341,21531,3787,18151,23968,1104,10388,19836,18825,26841,10476,23104,11760,4302,3842]

 - problem: 5
   correct_answer: 783606
   guestCount: 3802
   packageSizes: [1,5,10,69,40,53,77,63,57,61,71,47,55,67,87,79,15,88,47,73,18,61,4,47,10,70,91,80,11,34,16,82,55,21,66,73,17,81,77,29,46,8,10,88,85,86,95,43,3,47,94,34,29,64]
   packageCosts: [306,1528,2589,17735,10157,14010,21542,13020,12052,15518,17626,11282,15349,14226,25346,21624,3632,24337,12957,20946,4246,17064,893,12470,2188,15865,21960,23315,2931,9373,4018,20649,15886,6026,14704,20523,4063,20221,22505,6819,11017,2306,2283,18317,19295,17720,20215,10768,832,11936,23411,8960,6733,16903]

 - problem: 6
   correct_answer: 207264
   guestCount: 1024
   packageSizes: [1,5,10,50,84,8,32,31,94,85,72,81,5,13,85,22,77,14,22,58,61,49,13,29,52,49,30,14,89,80,56,66,80,1,94,60,82,39,93,20,73,59,99,44,32,63,85,79,12,91,76,53,72,92,19]
   packageCosts: [285,1126,2463,10328,17892,2153,8568,6414,26687,19023,18847,20348,1267,3435,25374,5660,20817,3884,6515,13257,12448,12342,3171,8271,14366,11922,7126,3477,23624,20403,11743,19020,16459,285,18981,17712,21347,9131,20635,4322,15075,17668,24211,10562,8084,18779,21607,16328,3501,21253,16812,14599,16767,22571,5427]

 - problem: 7
   correct_answer: 1524694
   guestCount: 7598
   packageSizes: [1,5,10,58,62,90,83,6,91,62,28,1,55,33,90,76,66,86,45,64,63,78,49,36,87,10,26,35,49,62,21,19,90,10,75,30,98,60,50,56,7,13,49,71,23,31,17,12,37,60,6,21,16,94,98,79]
   packageCosts: [273,1013,2525,12279,13590,23291,20266,1542,21493,12840,6828,352,11924,9289,22713,16734,13476,17257,10675,13751,12809,17478,12413,8581,20739,2942,6361,9271,13423,13092,5168,5269,26547,2483,18195,6387,20816,13465,14039,13467,2046,3776,11287,19603,6377,7714,4694,3296,10182,15182,1482,6124,4043,21128,23695,21419]

 - problem: 8
   correct_answer: 826575
   guestCount: 4070
   packageSizes: [1,5,10,52,56,58,2,43,90,38,4,40,26,37,79,88,33,51,27,85,86,98,77,69,52,79,19,13,42,26,45,40,39,65,62,2,17,54,77,38,42,12,6,65,32,32,44,21,68,33,20,75,88,53,12,10,84]
   packageCosts: [261,1438,2775,10856,15808,13587,522,10966,22470,8590,1171,9685,5970,10316,23368,17865,9480,12227,6758,25160,21456,24883,20129,15762,11770,20138,5206,3818,9263,5702,9385,8477,8405,18172,17995,435,4384,11515,17483,8872,10138,2611,1587,19439,7554,7639,9644,5999,16091,7556,5313,19899,22865,11500,3517,2255,21890]

 - problem: 9
   correct_answer: 300533
   guestCount: 1498
   packageSizes: [1,5,10,79,5,49,83,97,57,78,84,97,32,50,62,99,9,47,4,77,92,77,24,39,18,10,36,10,65,67,76,60,2,17,98,8,56,91,36,20,98,93,17,82,53,21,49,63,53,23,68,64,81,32,23,48,53,98]
   packageCosts: [251,1527,2261,15821,1174,12596,18839,24141,14602,16305,19416,20084,9555,11167,16202,25172,2698,13561,839,17246,18844,17256,5547,7953,4146,2641,9996,2880,18708,18190,17773,14646,454,5058,27963,1979,14947,23775,8903,4749,27735,27066,4046,16732,13798,5160,12250,13918,13260,5671,14277,17761,22279,8644,6408,10399,12789,28201]

 - problem: 10
   correct_answer: 1815752
   guestCount: 8997
   packageSizes: [1,5,10,98,91,38,41,38,33,42,65,57,70,32,85,45,14,18,67,35,78,38,99,65,7,73,10,78,90,5,48,24,23,81,26,10,63,64,79,46,96,14,57,58,29,62,63,44,90,34,84,46,85,95,13,30,24,7,95]
   packageCosts: [318,1191,2244,20001,20683,7723,8576,11293,9686,10884,17490,12272,15278,7844,21168,13461,3133,4340,15656,8899,21726,11184,28856,13499,1683,20939,2654,15738,23050,1404,13668,5992,5990,23656,7456,2272,18575,13044,22603,12750,24574,3525,16452,13962,8422,13248,15604,9382,21846,7084,21903,11482,19223,22453,3446,7841,5499,1983,27452]

 - problem: 11
   correct_answer: 0
   guestCount: 0
   packageSizes: [1,5,10,82,45,60,11,98,34,32,87,75,24,3,32,49,3,98,92,67,62,45,74,42,24,5,64,45,20,81,26,87,70,34,13,8,40,69,74,3,30,58,83,77,38,9,98,36,31,88]
   packageCosts: [334,1444,2604,18299,9654,17821,2868,23388,9108,7044,20763,20269,5369,870,6585,13233,888,27242,23661,13535,12595,10510,19798,8632,5125,1441,14507,9377,5605,16940,7320,24376,16455,7346,3543,2430,9138,16640,15615,870,8859,14389,24414,23118,8328,2425,27760,9746,7898,19688]

 - problem: 12
   correct_answer: 968107
   guestCount: 4748
   packageSizes: [1,5,10,73,48,58,28,4,71,92,11,24,74,18,24,36,95,27,76,98,27,57,89,97,37,56,64,47,32,70,82,54,2,17,53,73,46,65,4,98,69,55,12,76,42,54,61,53,68,3,54]
   packageCosts: [322,1464,2284,15487,11501,16315,6343,902,15768,22817,3014,6210,17708,4147,5141,8484,21160,6683,21125,20102,7890,13907,24605,21197,8012,12211,13623,11830,7471,20843,18870,13216,587,5001,13316,20956,11085,18842,1159,24167,17926,15756,3239,17343,10787,11006,17468,12854,19270,823,13035]

 - problem: 13
   correct_answer: 856524
   guestCount: 4236
   packageSizes: [1,5,10,84,16,31,23,24,62,46,83,60,38,95,90,15,85,98,58,17,86,11,3,99,8,48,45,36,26,50,52,34,2,93,38,96,7,71,57,85,13,15,66,91,75,94,20,30,22,13,83,66]
   packageCosts: [333,1327,2707,23523,3329,7510,6761,6912,13354,11210,17274,13042,11002,22720,25112,3069,24363,28671,15430,4195,20183,2530,685,27725,1957,13294,13173,7278,7473,15013,11799,9917,434,19170,11140,23672,1597,21295,12574,23144,3903,3978,16506,25310,19950,23190,5837,7193,5846,3644,17664,17033]

 - problem: 14
   correct_answer: 1630240
   guestCount: 7976
   packageSizes: [1,5,10,94,9,78,74,58,7,61,29,85,38,52,61,22,29,62,24,38,7,11,20,71,12,11,45,45,67,59,84,94,56,57,38,43,94,2,60,43,59,38,97,49,1,81,69,71,57,27,34,57,17]
   packageCosts: [311,1028,2733,26696,1989,19324,21925,17031,1576,14754,7012,23070,9816,15477,14497,6238,8340,12672,6263,8957,2101,2645,5627,20757,2744,3029,11586,13160,17965,14336,22851,22939,16548,17073,11042,12526,26469,612,17850,11101,16284,11384,26580,12962,287,22497,17940,18440,16891,5524,7812,15275,3950]

 - problem: 15
   correct_answer: 1115808
   guestCount: 5567
   packageSizes: [1,5,10,13,39,51,85,59,15,22,73,45,13,49,73,20,56,55,5,87,74,57,43,33,1,76,41,11,69,26,27,19,79,76,30,82,61,43,17,95,99,67,23,64,3,33,10,86,70,27,81,83,44,31]
   packageCosts: [308,1520,2670,3558,8911,12344,20794,16604,3042,5708,21641,11385,3924,11462,20615,5384,16146,11400,1491,20740,17115,14388,10500,9811,273,20226,10896,3197,17812,7689,5744,4937,15885,16964,6714,21152,12249,9474,3839,26133,24093,14439,6171,15462,710,6614,2155,22156,17262,6113,19536,21096,11067,8314]

 - problem: 16
   correct_answer: 1355715
   guestCount: 6744
   packageSizes: [1,5,10,39,64,80,30,98,54,88,41,58,14,49,98,78,70,56,66,64,61,40,14,34,70,50,63,44,27,17,78,64,19,9,53,97,7,56,79,83,44,27,31,34,9,53,36,74,80,38,85,94,28,62,56]
   packageCosts: [346,1234,2258,10809,12909,21187,6712,27768,14423,24593,8761,12602,3646,14055,23837,22952,15503,13273,19603,15987,12260,8799,3913,7267,15555,13591,14879,9866,7461,4406,21613,15697,5217,2773,14016,26165,1564,13046,16797,16779,9467,6154,9230,7450,2700,11640,8706,17681,20827,7868,22702,21305,7847,14167,13465]

 - problem: 17
   correct_answer: 1790233
   guestCount: 8932
   packageSizes: [1,5,10,32,4,58,18,38,12,11,51,12,43,13,14,58,9,69,9,74,37,81,27,42,95,43,2,97,95,21,56,47,12,65,28,58,24,16,85,84,92,28,80,68,14,87,10,14,66,49,5,84,13,97,23,24]
   packageCosts: [282,1061,2828,7920,1238,14148,5165,9592,2405,3178,14770,3350,12753,3584,3719,12245,2690,14992,2167,15765,7828,16576,6598,12593,22217,10446,594,23367,23473,4714,14071,9472,3389,17656,6684,13235,6928,4276,20934,23031,20631,8348,21131,19163,4067,19848,2428,3852,16400,10575,1421,18803,3066,26238,6219,6684]

 - problem: 18
   correct_answer: 286
   guestCount: 1
   packageSizes: [1,5,10,4,91,7,43,62,75,63,1,56,95,10,16,33,52,3,69,63,60,37,12,65,22,46,45,30,51,71,4,51,20,25,68,78,57,91,6,77,32,49,99,34,74,14,73,34,97,35,44,93,20,51,49,36,19]
   packageCosts: [286,1397,2236,922,24031,1697,10605,16689,15046,12761,366,11627,27458,2231,4333,8474,14124,801,18196,13620,12481,7760,2846,15021,4527,10074,13327,6648,11336,19908,873,11727,4963,6810,17159,23014,11535,23498,1744,20264,7072,11538,21148,8188,21894,3411,16607,7811,28740,8975,11573,25238,4854,12309,10599,10265,4731]

 - problem: 19
   correct_answer: 1412629
   guestCount: 7014
   packageSizes: [1,5,10,66,32,64,94,58,47,82,98,30,74,47,3,14,40,81,78,98,17,22,12,46,42,14,75,84,63,36,56,45,88,30,11,86,50,85,45,7,7,16,84,30,74,95,77,99,35,41,6,48,88,86,97,32,48,5]
   packageCosts: [303,1366,2367,17433,9048,14827,26358,15459,14000,24415,22524,8850,20372,11922,967,3029,11739,16506,18555,20932,4990,4822,2746,11949,9337,3371,21852,21290,15750,7988,15425,10204,19177,6153,2867,22885,11177,21072,13412,1638,1646,4276,20244,8276,19004,27797,17959,28410,7051,9038,1371,13232,22197,17836,25543,7818,9667,1401]

 - problem: 20
   correct_answer: 1743167
   guestCount: 8654
   packageSizes: [1,5,10,1,10,35,33,91,42,94,23,52,64,65,7,48,45,60,68,97,63,4,45,27,26,56,73,89,51,41,49,51,13,12,72,79,47,85,73,71,38,60,24,94,96,42,73,24,61,69,53,11,52,49,42,14,36,73,12]
   packageCosts: [358,1575,2110,306,2824,7562,9078,18891,10461,23782,6085,14458,14868,17697,1969,10867,13160,15759,14066,22055,12688,1044,11747,8008,6123,13554,19713,19642,14521,12309,9917,10680,3769,3550,15166,19923,10757,17774,14725,19252,10259,16737,6443,21959,23136,9749,17757,5283,13977,19460,12237,2493,15069,10325,10884,3263,9235,21546,2966]

 - problem: 21
   correct_answer: 1179553
   guestCount: 5791
   packageSizes: [1,5,10,45,25,48,45,40,75,90,74,84,14,87,98,25,30,86,6,49,89,46,84,91,74,46,32,2,11,85,93,36,95,55,22,11,85,92,54,78,10,7,20,17,12,84,73,9,89,62]
   packageCosts: [356,1382,2865,12828,6801,14338,13468,9528,21688,20104,17101,25026,4216,17717,26780,5896,6281,19223,1811,14492,19761,13399,18413,20042,19132,11648,7634,576,3337,23945,23577,9332,27645,12989,5860,2586,19908,23465,15719,17384,2458,2108,4093,4340,2510,21127,18356,2045,26663,13156]

 - problem: 22
   correct_answer: 1219993
   guestCount: 5948
   packageSizes: [1,5,10,50,68,75,75,46,21,42,68,51,83,85,93,27,90,75,26,87,32,76,59,19,99,95,78,23,94,69,28,21,8,80,45,58,76,54,62,37,13,48,33,89,15,61,66,85,94,48,96]
   packageCosts: [245,1293,2854,10484,18519,19519,15542,13149,5043,9695,18263,10941,24478,22442,26707,5731,21878,17335,5332,25925,8904,15733,15882,4865,25558,23339,17819,6508,19313,16644,7256,5005,2170,20734,11551,14116,19873,14702,16111,8346,2786,10115,7550,22635,3165,13268,18484,23382,26164,11869,20094]

 - problem: 23
   correct_answer: 1436031
   guestCount: 6959
   packageSizes: [1,5,10,77,89,37,54,9,6,46,8,92,41,47,29,18,1,3,4,9,35,67,60,39,42,59,79,61,37,22,48,16,93,93,93,52,46,16,91,12,55,15,56,74,39,43,95,74,31,15,9,70]
   packageCosts: [283,1210,2064,16757,20713,10502,11564,2228,1795,10563,2330,24986,9745,12096,8269,3998,307,825,1207,2129,9649,19835,15782,11125,11188,13550,20705,15424,9325,5218,12278,4846,24718,19191,27899,11626,11630,3459,22728,3064,13319,4396,13363,19918,9554,12418,27615,17104,7056,3921,2418,17200]

 - problem: 24
   correct_answer: 1590873
   guestCount: 7952
   packageSizes: [1,5,10,57,30,19,36,69,2,55,41,75,78,82,77,84,18,35,59,9,74,93,32,30,28,89,60,50,49,95,21,47,6,33,20,78,11,37,11,23,20,73,24,68,93,49,66,88,94,84,38,55,20]
   packageCosts: [365,1222,2806,16803,7135,5324,8974,17161,554,15147,9943,20622,17345,19850,22929,23609,4675,7950,13249,2414,20885,26454,7526,6189,6403,21178,17915,13887,12719,21391,5945,13246,1689,7997,5308,23016,3260,7700,2431,6601,4339,14600,6045,19405,25354,11270,19484,22270,28151,20450,7884,16032,5464]

 - problem: 25
   correct_answer: 1174630
   guestCount: 5815
   packageSizes: [1,5,10,23,48,60,88,16,48,70,37,55,66,33,32,15,49,92,17,91,25,44,19,30,18,30,73,1,17,20,62,60,24,69,22,52,89,76,3,52,2,83,41,63,5,97,96,11,48,2,68,15,81,72]
   packageCosts: [202,1383,2608,5429,11744,15522,26313,3363,11496,17402,9026,13841,16391,9520,8171,4472,11302,21953,4878,25631,6500,12637,4022,7352,5271,8521,17521,297,4576,5884,15015,18036,5542,16210,5091,14670,19590,15493,816,13232,473,17165,9966,13425,1121,27084,26225,2908,13559,652,14010,4123,19119,16152]

 - problem: 26
   correct_answer: 364773
   guestCount: 1776
   packageSizes: [1,5,10,43,61,77,9,74,91,96,76,98,49,83,90,70,83,81,20,28,96,86,64,66,55,87,31,5,60,1,9,31,95,29,69,32,70,19,92,46,64,79,89,53,17,23,80,53,21,95,41,46,68,67,51]
   packageCosts: [236,1183,2216,9352,12777,22664,1939,17397,21745,24126,16521,20512,12249,22336,25452,20870,24061,23393,4709,7107,25449,25679,17027,19150,14471,18236,7980,1249,15577,278,2021,8217,26142,7092,17364,8648,20512,5570,25616,9440,13550,19228,26474,11629,4909,6221,20486,12760,4496,21350,10411,11675,18717,17785,11052]

 - problem: 27
   correct_answer: 1252996
   guestCount: 6186
   packageSizes: [1,5,10,22,54,52,41,50,12,97,19,24,73,95,54,40,65,37,72,18,85,84,42,75,61,52,64,59,90,57,6,17,24,39,94,84,96,2,61,3,80,72,32,4,82,12,49,76,36,4,95,26,24,94,12,75]
   packageCosts: [225,1405,2261,6317,13002,12713,10864,12021,3242,27793,4035,6728,20318,27993,11218,8926,14247,8671,16449,4945,22088,18153,9424,21396,16738,10821,19039,11945,23121,14719,1775,4746,5408,8866,26828,20917,20284,548,14338,836,22766,16800,8198,1278,21148,3126,12974,19320,9872,954,19886,7400,6541,20065,3353,18695]

 - problem: 28
   correct_answer: 1837746
   guestCount: 9107
   packageSizes: [1,5,10,54,36,71,91,5,90,14,17,47,72,77,88,82,50,64,36,63,73,67,40,68,50,40,84,64,66,70,47,29,61,60,23,76,5,95,41,25,48,62,8,31,25,11,30,37,97,38,20,92,2,20,38,75,15]
   packageCosts: [301,1461,2215,11954,9148,14724,20294,1292,26741,3199,4138,12731,18378,17975,22088,19600,10957,18357,7622,14793,14993,16106,9463,16475,14865,8214,19068,19196,14884,14285,13364,6405,17708,16263,5869,15332,1539,27671,11914,7149,10818,17153,2336,7472,5492,2399,7634,8879,24762,10511,5213,20690,584,4363,10108,17263,3418]

 - problem: 29
   correct_answer: 1104698
   guestCount: 5280
   packageSizes: [1,5,10,14,74,24,19,67,51,13,40,57,77,35,58,51,66,14,33,64,29,73,28,53,51,61,2,10,33,69,89,60,92,89,67,3,61,75,88,9,59,25,69,59,39,16,94,35,85,97,50,89,10,34,13,99,48,28]
   packageCosts: [273,1255,2385,3602,17800,6622,5044,19984,12575,3732,8967,16956,18809,9352,12281,13764,15003,3281,8490,16983,6151,18834,6581,12835,12456,12760,457,2152,8810,20244,20993,12689,25705,19858,16973,751,17822,16945,21332,2479,14706,6097,17794,17379,9001,3883,22794,9896,22408,20740,13244,25550,2274,8221,3631,21982,12857,8242]

 - problem: 30
   correct_answer: 1182665
   guestCount: 5824
   packageSizes: [1,5,10,24,79,70,54,76,17,47,60,50,78,73,7,82,38,74,36,99,70,24,82,7,33,44,62,41,42,60,5,28,59,3,90,90,16,50,14,78,48,45,61,63,16,79,10,12,94,35,32,98,58,53,50,6,19,23,77]
   packageCosts: [308,1290,2398,5810,20229,19386,14781,17715,4024,12460,13539,11109,21430,21250,1644,23262,8756,17837,10496,26668,18698,6391,22942,1617,8418,10118,18308,10491,10538,15257,1425,5928,12226,820,20441,24493,4055,11848,4269,19902,13422,11422,16992,17542,3477,16038,2402,3351,25010,9071,9210,26879,15057,15851,10343,1259,5737,4704,17144]

 - problem: 31
   correct_answer: 1103037
   guestCount: 5434
   packageSizes: [1,5,10,84,38,12,7,43,27,25,67,97,54,6,12,23,15,52,57,25,7,86,46,57,47,76,51,30,28,32,5,64,14,93,32,23,32,71,45,82,43,46,35,2,5,38,56,72,47,73]
   packageCosts: [383,1428,2476,18236,9438,3014,1941,12263,6899,5142,14022,26844,12298,1720,3433,6675,3752,10620,15394,6044,1676,19688,9916,13330,10536,21071,12824,8844,8221,6495,1293,14212,3296,26564,6959,4956,7977,14954,9249,23976,10617,11040,9624,426,1160,11329,13732,15237,12827,14829]

 - problem: 32
   correct_answer: 1047993
   guestCount: 5207
   packageSizes: [1,5,10,68,82,96,41,60,56,64,80,62,20,93,81,63,48,76,33,57,56,42,61,14,52,34,37,61,61,35,13,93,29,26,1,68,70,3,60,90,30,85,72,89,46,58,33,92,63,33,11]
   packageCosts: [300,1434,2121,19336,22556,20991,9120,13748,16798,16510,18809,16870,4951,27845,23663,15996,14138,19942,6825,15735,11556,10678,13516,3935,11765,9899,7594,17034,14828,8148,3345,19408,7354,5232,285,18120,17117,882,15723,21984,6176,22161,17431,20286,9827,12816,8451,24061,15831,7623,2323]

 - problem: 33
   correct_answer: 725148
   guestCount: 3603
   packageSizes: [1,5,10,7,57,53,96,79,23,97,26,54,92,38,3,95,93,36,43,93,77,87,41,75,15,50,85,19,20,99,88,16,47,74,52,66,7,37,2,53,1,5,33,82,3,18,54,42,63,27,24,99]
   packageCosts: [306,1329,2637,1751,13646,15859,23912,19650,6053,28672,7407,11309,23520,9468,864,26980,20807,7573,8672,18717,15714,21849,8992,20403,3983,10747,19467,4337,4861,23830,17711,4179,10747,20596,13753,13555,1574,7891,625,14801,215,1146,9844,21572,800,4901,15130,8740,13746,5998,5989,29018]

 - problem: 34
   correct_answer: 437460
   guestCount: 2160
   packageSizes: [1,5,10,46,87,3,80,45,20,94,3,43,98,57,44,6,15,18,69,50,38,46,3,32,2,54,27,99,37,79,84,54,67,88,30,66,9,52,48,98,32,7,93,93,51,99,94,52,96,77,69,87,26]
   packageCosts: [279,1509,2881,12779,17746,802,16902,11595,4243,26757,955,11719,20485,13129,10464,1246,4524,4903,14561,11469,7748,12220,948,9278,493,11290,7462,29104,10642,21832,22902,12410,16279,18142,7057,13797,1872,13040,13364,20036,9312,1845,27631,19135,13293,20044,27812,10995,28626,22161,19965,21420,5271]

 - problem: 35
   correct_answer: 998422
   guestCount: 4929
   packageSizes: [1,5,10,41,97,84,36,54,98,47,17,69,96,28,59,57,85,98,21,2,84,85,81,84,48,67,33,28,42,34,76,99,77,42,87,4,82,95,55,98,23,40,53,15,90,11,89,70,86,96,7,14,46,38]
   packageCosts: [258,1268,2554,10909,28947,23166,9239,14222,25683,10636,3494,18153,25780,5837,17314,11543,20968,20195,5359,446,23563,23008,17492,21180,12331,13996,7157,7427,10196,10025,21751,20497,16178,10002,18649,1001,21904,24362,15106,27132,5339,8410,11510,4187,20369,2918,22165,14317,25646,24415,2007,3149,10233,8894]

 - problem: 36
   correct_answer: 672560
   guestCount: 3294
   packageSizes: [1,5,10,71,89,73,8,46,26,44,33,54,67,81,24,53,32,41,80,88,83,30,38,62,55,9,95,17,46,78,94,50,44,84,31,13,64,17,27,19,53,23,71,51,13,3,36,45,28,15,72,57,69,61,43]
   packageCosts: [329,1158,2754,17058,25161,19621,2275,13001,6376,9455,9040,14095,16024,23713,5179,14509,9504,8427,23201,18870,19782,7697,9112,14977,15810,2272,27222,4817,12046,18040,26073,14156,9581,24120,8793,2740,17753,3477,6679,4783,10819,5745,20200,14128,3956,722,8612,9367,6032,3603,19089,16739,20035,14173,11912]

 - problem: 37
   correct_answer: 1041369
   guestCount: 5131
   packageSizes: [1,5,10,26,65,80,45,82,29,22,95,99,22,62,48,74,94,82,62,88,78,37,10,3,95,69,88,46,37,28,63,90,20,29,52,83,67,61,90,22,38,38,70,63,98,2,22,36,13,96,43,4,60,65,1,49]
   packageCosts: [242,1220,2036,7175,16949,20354,10413,16736,5947,6006,21295,24966,5056,18124,9891,18017,19520,21727,13942,21043,16580,10251,2599,748,24087,20358,20194,12234,7509,5950,15578,23042,4951,6095,11082,19465,15361,12650,18743,5796,8083,10499,20770,14574,21168,644,4492,9753,3800,19928,9939,1164,17699,16510,309,13600]

 - problem: 38
   correct_answer: 1372532
   guestCount: 6824
   packageSizes: [1,5,10,10,60,79,22,87,2,86,38,82,20,57,60,66,86,96,83,34,72,81,84,14,86,68,89,61,53,14,59,29,42,4,9,51,4,74,39,37,67,91,93,15,71,8,22,4,6,51,63,28,61,26,19,49,75]
   packageCosts: [362,1387,2419,2187,12934,17195,4968,25780,583,18647,10799,20483,4893,13077,14881,14921,23541,21128,21649,9821,16545,17597,24364,3047,18232,18125,22932,12267,15034,3440,12196,5906,9828,1211,2078,13020,1096,15045,11088,7599,17303,21950,19014,4489,14363,2280,5493,916,1417,10989,16018,6937,16745,6392,5021,9979,17099]

 - problem: 39
   correct_answer: 1115021
   guestCount: 5488
   packageSizes: [1,5,10,23,36,99,29,86,73,52,25,83,26,54,28,21,83,79,51,42,22,4,98,61,62,7,96,37,48,89,81,45,8,92,55,23,89,54,58,99,6,16,95,22,88,70,3,32,3,58,66,54,17,9,25,39,83,17]
   packageCosts: [298,1323,2401,6835,7480,21273,7510,24974,21171,14471,6174,16863,7385,14152,5901,6290,24580,22600,11402,10874,4988,830,23789,17453,16127,2078,21807,7552,10386,18096,22632,9796,1764,22749,12257,6174,23267,14601,13221,24928,1385,3616,21833,6218,24465,20045,895,9251,898,14671,18480,14511,4267,2116,7084,9594,23575,4744]

 - problem: 40
   correct_answer: 1716931
   guestCount: 8513
   packageSizes: [1,5,10,10,17,90,39,54,80,34,50,7,44,33,65,33,72,25,23,14,76,7,9,48,57,57,92,55,39,36,47,17,98,54,88,42,20,21,67,65,77,3,26,70,73,93,55,79,43,8,56,43,97,1,48,25,23,38,82]
   packageCosts: [277,1045,2400,2668,4354,20687,11118,12053,17878,8435,12764,1943,13061,8800,16798,7953,17509,7140,6038,3394,19700,1636,1815,13392,16257,16084,18796,14035,9216,9344,12909,5054,24539,11908,19532,9308,4988,5515,13885,17690,17975,845,5763,14435,19526,23057,15654,21006,9529,2313,11559,9679,28653,364,13161,5111,6332,8923,19940]

 - problem: 41
   correct_answer: 999356
   guestCount: 4921
   packageSizes: [1,5,10,40,69,1,37,55,68,87,49,66,77,54,91,63,33,9,23,52,14,2,74,7,63,5,62,18,4,22,42,74,84,68,58,48,35,85,47,37,74,1,64,1,21,24,92,3,58,39]
   packageCosts: [262,1331,2411,10812,15844,262,8570,13584,15181,25800,13401,17837,19500,12101,19816,17957,7731,2158,6726,14375,3982,536,16850,2093,15834,1259,17693,4254,908,4933,10337,17188,20922,19784,14511,11199,7104,22093,13279,10135,17731,256,16570,274,5783,5052,19040,952,16432,8445]

 - problem: 42
   correct_answer: 395254
   guestCount: 1967
   packageSizes: [1,5,10,72,85,87,2,43,55,90,59,88,44,85,95,90,9,54,65,98,94,28,6,77,68,62,41,7,15,64,32,54,83,75,9,69,76,23,52,60,61,67,25,49,71,66,25,94,40,17,84]
   packageCosts: [231,1503,2173,16517,21416,21479,646,10609,14451,24382,17131,25083,12111,24050,27260,24169,2290,15675,14209,21275,23136,7005,1714,21299,19097,18419,9527,2076,3127,13150,7304,12490,18826,15225,2118,14239,18247,5018,10514,16575,17454,13512,6447,10341,16047,17654,6871,21627,9094,3496,16874]

 - problem: 43
   correct_answer: 1008269
   guestCount: 4857
   packageSizes: [1,5,10,78,21,64,54,73,43,96,41,5,21,95,48,27,98,95,9,6,20,9,29,51,98,7,27,36,25,51,28,40,87,33,91,34,26,64,55,37,94,42,77,11,96,68,88,18,55,51,16,42]
   packageCosts: [283,1530,2335,23025,4512,17360,12006,15859,12517,25283,11304,1280,6080,26480,14272,5603,24301,20712,2283,1339,4200,2052,8547,11955,23158,1692,7800,9168,6360,13186,6644,11130,22530,6961,26381,7401,6896,13739,15206,8033,23532,9789,20225,3094,26557,16959,21775,4588,13813,13897,4279,11752]

 - problem: 44
   correct_answer: 1344596
   guestCount: 6644
   packageSizes: [1,5,10,2,48,62,50,14,57,13,49,94,8,50,62,92,30,31,76,77,55,58,3,90,76,18,52,44,14,75,68,76,28,96,38,41,57,47,17,78,93,63,90,27,16,80,42,70,54,36,95,6,10]
   packageCosts: [256,1324,2495,530,11857,12902,14073,3460,16142,3239,12169,23597,1624,13086,13344,20333,6112,8258,16726,17944,11726,12419,968,19369,19360,3787,13449,9387,3978,17380,15642,21039,5991,28416,9601,10129,14847,13880,4326,22826,24739,14833,26343,7420,3575,18558,8854,14166,12088,10643,23101,1404,2876]

 - problem: 45
   correct_answer: 954848
   guestCount: 4740
   packageSizes: [1,5,10,90,22,91,17,80,33,7,5,20,76,72,77,8,9,84,5,52,31,7,81,22,26,22,72,80,95,46,88,6,97,56,65,15,73,63,99,97,20,7,22,7,31,6,21,27,97,33,96,22,75,43]
   packageCosts: [278,1432,2564,24516,5880,23320,4536,23523,9229,1775,1308,5117,20860,17509,22807,1972,2201,21210,1394,13894,8416,1647,20656,6073,6733,6403,20566,22731,22466,13128,26239,1757,26041,16124,17194,3692,18970,16381,27540,21125,4726,1514,5675,1410,8843,1490,4855,7957,26579,7972,22402,6622,16209,12699]

 - problem: 46
   correct_answer: 1322162
   guestCount: 6568
   packageSizes: [1,5,10,42,92,98,32,34,70,83,99,46,9,38,44,80,55,3,24,94,41,69,25,95,18,40,97,53,32,86,91,93,92,10,81,8,28,73,17,42,95,49,4,73,56,7,55,46,47,55,34,55,74,77,29]
   packageCosts: [291,1383,2742,10003,19155,22680,7317,7988,19921,18094,21044,11454,2158,8756,11985,17188,14987,839,7095,27115,12079,15481,7238,19882,4650,10784,22728,14978,8758,24392,24509,20056,18504,2622,21599,2324,7329,20340,3898,10539,26196,12925,1137,18872,15488,1832,16061,10355,11255,15540,8429,15216,20731,18429,8407]

 - problem: 47
   correct_answer: 528448
   guestCount: 2520
   packageSizes: [1,5,10,27,19,16,54,60,23,57,81,72,19,55,46,12,31,41,25,24,15,13,19,32,80,31,49,55,15,90,37,46,22,61,36,13,12,35,42,92,47,66,37,72,68,46,24,48,55,32,32,54,16,15,24,10]
   packageCosts: [301,1255,2256,6083,5156,4268,15573,15190,5765,13511,17112,15291,3997,14795,11801,2895,8638,9417,6620,5473,4127,3730,4978,6948,19421,8808,12354,16512,4039,20046,10011,13251,4722,14561,9051,3685,2989,10149,10365,22552,9855,14933,9730,19687,20121,13552,6823,11707,15371,7811,8237,14808,3806,3477,5452,3011]

 - problem: 48
   correct_answer: 966134
   guestCount: 4797
   packageSizes: [1,5,10,54,89,81,20,61,11,68,86,99,26,19,11,63,14,54,56,84,70,24,48,54,93,25,56,56,16,57,51,20,43,58,36,13,62,62,2,66,59,2,97,97,99,76,97,29,10,16,38,48,3,85,22,91,4]
   packageCosts: [287,1101,2956,13431,20475,19809,4347,12502,2933,15664,18871,29383,7614,3837,3331,16093,3478,12164,11614,21764,19395,6681,14039,11962,20137,7155,11796,11276,3428,13630,12453,4190,11367,16290,10630,3787,18043,16611,485,13538,17257,475,22837,23489,23112,22724,24441,8593,2943,3427,10342,12130,815,21105,4930,20509,985]

 - problem: 49
   correct_answer: 1058202
   guestCount: 5101
   packageSizes: [1,5,10,40,93,36,51,36,13,15,36,66,38,3,23,89,46,75,77,19,70,47,4,82,21,49,31,76,21,28,74,3,7,38,48,64,67,11,29,91,4,18,94,44,81,49,56,16,60,94,11,67,39,40,69,42,80,5]
   packageCosts: [320,1129,2848,11205,22418,9880,11612,8535,3809,3321,10318,14670,8530,655,6904,23836,11939,17829,22940,5523,14518,11803,1069,23822,5986,13532,6453,16228,4852,6031,16936,775,1913,8348,12487,15328,14553,2362,6803,21480,1004,4526,24290,12729,23632,12519,11780,3495,14047,25414,3091,16057,10946,10323,20360,11065,22195,1484]

 - problem: 50
   correct_answer: 1309986
   guestCount: 6507
   packageSizes: [1,5,10,13,30,36,67,84,92,97,28,18,39,65,59,97,59,18,91,4,48,30,76,24,2,45,72,95,70,25,61,62,52,52,23,15,61,10,10,2,9,86,78,25,77,72,50,61,49,98,81,5,41,89,8,31,5,42,77]
   packageCosts: [286,1127,2330,3471,6439,9392,17053,21166,20519,28656,7710,4971,11606,15102,12569,28131,16847,4016,26728,1181,9919,8182,15906,6772,594,9516,19756,28120,14116,7359,16653,14179,13433,11947,5479,3954,16613,2735,3034,474,2597,22219,23196,7389,22323,21405,13278,12852,11638,29009,17932,1517,11835,22878,2204,7011,1095,8678,15498]

 - problem: 51
   correct_answer: 1913598
   guestCount: 9481
   packageSizes: [1,5,10,69,90,94,3,37,79,48,71,51,55,77,16,31,46,62,44,67,65,1,40,69,96,93,13,97,50,29,71,60,3,6,22,88,94,63,11,28,53,35,28,13,51,31,24,13,95,22]
   packageCosts: [247,1304,2262,17330,18163,19553,941,10251,22133,10445,18143,12900,15805,15828,3888,7921,11060,13041,11753,17629,14423,328,11641,19429,24396,19322,2838,20616,12170,8749,19821,17619,816,1520,4909,19019,20569,18549,2882,6049,14094,10294,8231,2708,14015,7914,6043,3407,19230,4834]

 - problem: 52
   correct_answer: 726960
   guestCount: 3631
   packageSizes: [1,5,10,44,97,58,70,8,9,76,98,18,81,86,77,94,65,43,76,51,65,11,86,69,96,93,83,39,55,52,89,50,85,84,96,34,93,66,79,56,46,3,25,71,47,96,69,38,40,87,11]
   packageCosts: [287,1279,2083,12359,25415,16368,18253,2294,2071,18912,19613,4263,20357,19265,18056,21771,16327,9095,20143,12775,13867,2465,25738,16159,28148,26854,24848,9940,14468,11956,23880,13448,24082,18177,27186,9980,27349,17445,20311,11431,11966,862,5937,19819,12220,25527,17091,11295,11994,19159,3117]

 - problem: 53
   correct_answer: 1879888
   guestCount: 9175
   packageSizes: [1,5,10,57,56,10,60,7,19,60,1,70,68,91,59,53,93,1,35,60,33,89,21,41,36,98,6,10,21,7,91,32,89,28,87,6,58,47,89,10,12,65,38,72,63,3,90,41,74,97,49,38]
   packageCosts: [341,1249,2797,12234,15131,2638,15064,1894,5174,12990,327,19764,17690,19207,15405,15170,25841,327,10398,17040,9416,25585,6146,8398,9792,21542,1759,2655,5376,1834,23227,7134,26546,6581,24022,1355,13518,13238,21326,2253,3523,18889,9741,19642,13316,745,21453,8857,20307,24480,12090,8168]

 - problem: 54
   correct_answer: 505806
   guestCount: 2515
   packageSizes: [1,5,10,50,82,82,53,60,6,28,47,8,26,49,12,55,56,11,75,30,72,9,59,67,80,11,15,51,49,7,59,90,10,81,83,97,71,74,46,38,53,40,88,82,57,66,22,55,19,23,6,58,64]
   packageCosts: [383,1299,2589,13475,21823,24200,11829,17427,1310,7219,10714,1919,6348,13741,2516,14935,16103,3029,18068,6452,21382,2531,17405,13575,22478,2474,3934,10330,12418,2137,12664,18817,2484,16723,16684,25214,15195,21319,12596,10687,11419,9629,26127,19605,16833,18339,5253,14246,4745,5643,1540,11974,18125]

 - problem: 55
   correct_answer: 1847613
   guestCount: 9063
   packageSizes: [1,5,10,75,87,94,28,45,66,81,62,14,59,1,1,38,45,58,60,93,2,49,83,96,30,39,68,57,66,87,6,19,41,75,35,18,67,80,64,72,78,48,21,30,83,23,70,37,55,57,24,31,46,68]
   packageCosts: [297,1288,2490,21943,24508,21323,6380,11311,15554,23092,14774,3769,13990,227,303,10118,11280,12832,12706,20388,664,13730,20557,20515,7217,11049,16280,14527,18441,25276,1426,5391,11074,21149,7134,4860,17037,20203,18516,18414,21942,13449,5962,6360,22001,5171,17161,9769,14889,15775,6268,8250,10403,14987]

 - problem: 56
   correct_answer: 615883
   guestCount: 3057
   packageSizes: [1,5,10,43,25,78,78,57,7,14,53,31,42,48,82,19,39,29,48,23,34,91,28,6,3,90,56,12,39,66,59,41,99,57,14,57,47,34,1,34,35,26,41,45,4,77,22,52,83,86,21,99,26,87,51]
   packageCosts: [345,1486,2176,11834,7227,19556,19892,13284,1768,3489,15506,8305,12063,13360,23539,5564,11469,6346,13618,5338,10086,23562,7628,1713,627,19150,15244,3192,10414,13406,11881,10007,20690,12116,3464,16931,12286,9732,234,9701,7210,6034,10755,10569,1068,17258,4882,10679,22323,22561,5262,26754,5465,20037,11354]

 - problem: 57
   correct_answer: 588274
   guestCount: 2908
   packageSizes: [1,5,10,82,42,54,66,7,47,76,83,23,50,27,5,68,64,20,18,9,36,35,66,43,8,92,40,64,9,72,83,33,4,38,19,76,84,65,43,26,21,7,36,96,80,6,73,50,2,51,81,52,50,16,3,27]
   packageCosts: [347,1374,2958,18268,11186,14334,17829,1506,13678,22593,17357,6797,12488,6139,1213,13840,15454,4664,4854,2420,9258,9837,15480,11461,1901,22016,11682,17068,2492,18354,24503,7085,1129,7684,5352,21347,21582,13851,11965,7303,6102,1935,7877,24402,16930,1814,20257,13133,593,12587,22991,10593,10967,4863,718,6903]

 - problem: 58
   correct_answer: 1156745
   guestCount: 5645
   packageSizes: [1,5,10,31,47,20,17,26,26,81,27,46,56,82,90,5,55,43,39,44,87,17,28,91,15,96,12,66,75,12,92,64,83,89,21,52,42,54,14,65,95,96,32,40,14,73,15,77,8,12,52,3,67,9,83,75,91]
   packageCosts: [278,1469,2781,7036,13980,4376,4606,5632,7236,19558,7168,12498,13839,18627,18438,1452,12793,11939,8711,10829,19614,3926,5885,22321,3892,20048,3213,15186,18584,2791,20355,13474,23998,20888,6015,15029,10488,16001,3173,16181,23536,20051,7601,9317,2894,21769,3326,17021,2127,3506,12836,671,18908,2568,21272,15932,21430]

 - problem: 59
   correct_answer: 1517713
   guestCount: 7474
   packageSizes: [1,5,10,95,47,74,91,63,97,26,13,40,23,15,19,61,8,14,4,25,1,26,27,21,71,68,82,95,43,17,49,97,56,16,83,96,37,81,34,27,77,16,99,46,67,86,64,13,79,83,7,64,78,9,68,91,65,55]
   packageCosts: [335,1517,2304,23522,12913,16715,22958,16842,25274,6560,3732,8705,4820,3690,4308,15952,2027,3972,824,5403,283,6501,6207,5772,16493,15230,16651,23009,10747,4816,10759,21484,14443,3304,24324,19859,9247,21236,8537,5852,16315,4219,27979,13769,16712,19729,13797,2721,19631,18774,2120,16835,19752,2752,14287,23810,16580,13708]

 - problem: 60
   correct_answer: 1180618
   guestCount: 5898
   packageSizes: [1,5,10,63,30,72,60,20,29,8,55,27,52,82,33,22,90,78,87,73,92,4,22,96,57,73,19,2,67,29,63,78,90,66,76,3,62,45,74,18,96,46,77,86,85,99,95,1,50,21,63,39,83,2,83,54,18,65,53]
   packageCosts: [288,1166,2082,13860,7865,15933,12168,5631,5943,1673,13388,7944,10406,24582,9849,6009,20621,16150,21482,21620,23407,1072,6214,25356,16818,20540,4392,631,13643,6823,17158,17338,19897,16785,18529,702,13911,9800,20291,4144,20770,12689,20458,25207,22598,26127,19745,310,14479,5595,17733,9148,23819,579,19732,14307,4488,16669,12821]

 - problem: 61
   correct_answer: 599555
   guestCount: 2987
   packageSizes: [1,5,10,18,22,65,55,3,59,74,77,38,96,58,6,32,74,52,68,80,62,42,5,76,2,86,33,39,56,48,27,51,2,23,94,96,79,19,39,28,47,91,29,74,38,51,9,36,52,79]
   packageCosts: [237,1240,2632,4959,4910,13419,15305,685,12409,18584,21634,7840,24723,17242,1577,8393,20204,11521,14018,18499,14328,8613,1095,21718,444,17249,7857,10035,11841,13742,7233,10455,538,4899,22488,26275,17791,4304,9273,6625,12520,26333,6026,15765,11017,10508,2221,9807,14793,18661]

 - problem: 62
   correct_answer: 1213397
   guestCount: 6053
   packageSizes: [1,5,10,97,51,17,48,91,53,10,62,56,56,85,94,96,89,41,37,23,15,14,35,22,61,14,18,56,54,91,45,99,82,11,41,88,85,12,42,26,80,46,38,96,65,97,70,61,71,68,61]
   packageCosts: [352,1364,2349,28979,11740,4565,10422,20011,13162,3020,16258,14806,13688,21263,18835,28773,19913,10624,9890,6329,3529,3487,9518,4786,15183,3225,4878,14000,14214,23489,10820,28908,23156,2755,9033,25898,21620,3095,11625,5288,22941,10089,9391,27593,16012,25292,17996,16050,17173,16524,14535]

 - problem: 63
   correct_answer: 688437
   guestCount: 3399
   packageSizes: [1,5,10,29,73,50,3,75,90,40,28,18,83,80,8,33,85,98,33,84,45,59,54,83,66,1,18,38,95,88,52,82,86,87,90,9,43,76,88,47,64,62,73,48,33,67,34,19,14,88,13,66]
   packageCosts: [242,1368,2400,6485,17397,11341,851,21705,24576,9794,5794,4417,19857,23404,2098,9729,23586,23714,8110,20484,11856,16335,11099,22114,15514,331,5060,8884,19302,20427,11993,18690,20368,17615,20164,2509,12371,21060,20257,11500,17492,13084,19041,12610,7704,15027,9447,5264,3011,19863,2860,18483]

 - problem: 64
   correct_answer: 1840348
   guestCount: 9146
   packageSizes: [1,5,10,13,49,52,64,99,12,26,96,41,2,37,99,48,98,40,67,4,21,96,57,48,74,90,48,79,49,30,53,89,17,81,77,98,71,29,7,30,45,61,48,99,76,98,26,13,2,12,80,14,16]
   packageCosts: [281,1419,2497,3053,12316,10679,18245,28772,2631,6820,25857,11941,621,10545,21129,12877,21868,10654,14161,928,5312,23823,13126,12122,21430,21677,11324,15978,12713,8661,11643,25348,4769,16295,20171,20045,15069,7130,1480,8260,11396,14310,10636,23057,16972,19938,6832,2951,586,3104,16789,3294,4368]

 - problem: 65
   correct_answer: 1322892
   guestCount: 6497
   packageSizes: [1,5,10,77,16,65,63,60,60,61,38,23,63,78,36,88,22,74,25,70,37,43,74,4,85,80,77,53,12,2,66,96,24,23,58,69,39,96,21,47,45,13,48,95,27,73,16,3,54,84,38,17,86,98]
   packageCosts: [306,1100,2652,21730,4041,17523,14134,14144,15750,15934,8006,6798,17227,20202,10366,22651,5969,16732,7077,17014,10754,12531,20468,1116,17391,17235,15676,10993,2995,493,15154,20915,6393,5205,15178,15406,11259,24196,6012,11672,9177,3945,10528,23851,7991,18944,3495,971,14801,17420,7994,4240,25473,23296]

 - problem: 66
   correct_answer: 1076135
   guestCount: 5337
   packageSizes: [1,5,10,73,52,42,47,83,21,11,28,35,3,20,61,66,58,32,87,80,23,18,16,38,25,68,6,50,5,89,41,58,20,62,28,47,99,65,1,32,52,62,83,48,4,47,27,3,14,91,3,64,33,50,29]
   packageCosts: [346,1008,2798,18325,10693,11437,10789,18690,6323,2694,8219,10166,838,5496,18333,17958,14873,9135,17735,20923,5807,5179,3620,7780,7483,16181,1473,12047,1328,21409,11053,11870,4241,16633,6795,13357,24763,18576,308,7104,15192,18197,21233,12161,1191,13106,5771,723,3103,26035,876,13983,8396,12821,6415]

 - problem: 67
   correct_answer: 703276
   guestCount: 3503
   packageSizes: [1,5,10,12,31,97,44,95,87,49,27,4,76,86,37,4,43,9,59,50,83,80,27,19,48,29,12,27,45,28,49,42,61,11,77,6,85,71,9,83,25,39,14,69,16,15,82,64,55,62,41,45,92,45,28,71]
   packageCosts: [273,1521,2925,3339,7629,27923,8976,20779,23599,10075,7137,859,21588,18307,9628,1141,10086,2676,16008,13715,19275,17829,7454,4849,10261,5908,2871,6904,13382,5923,13087,10394,12242,2996,21893,1478,23470,19546,2263,18377,5656,10267,3374,15117,4595,3653,19501,16159,15295,13601,11120,10488,23714,13523,7129,19416]

 - problem: 68
   correct_answer: 1319932
   guestCount: 6318
   packageSizes: [1,5,10,3,80,52,30,34,83,72,41,22,28,29,10,45,96,15,86,1,97,66,92,8,44,59,20,14,88,97,21,54,16,56,60,69,9,61,30,12,38,62,9,72,48,91,90,98,60,52,42,70,68,49,1,23,75]
   packageCosts: [270,1159,2179,840,16708,13294,7023,7286,22898,19656,9643,5779,7735,6521,2572,11656,27040,4411,24585,256,27886,17579,25166,2067,10986,14424,5882,3899,21971,25709,4775,16183,4749,15158,17833,16540,2483,15979,8172,3230,9193,13924,2260,18017,11063,21055,22857,29364,15800,13881,9572,20061,18665,13020,345,6378,19953]

 - problem: 69
   correct_answer: 1321773
   guestCount: 6458
   packageSizes: [1,5,10,99,88,61,35,2,43,54,63,60,99,15,42,88,69,2,51,27,81,18,13,98,37,86,77,96,12,99,66,1,54,80,35,50,85,11,33,80,33,40,7,75,98,22,76,98,89,84,8,31,87,91,40,73,70,35]
   packageCosts: [293,1112,2741,20592,21740,16620,10469,451,11008,14592,16811,12903,24910,4182,11015,22930,19968,504,13276,7236,16767,4434,3360,26758,10631,17806,17798,28802,3133,26477,15650,292,12171,22483,10432,11407,17395,2330,6898,21744,6773,9821,2031,17215,22274,6613,16330,27470,19910,20582,2390,6360,22845,25300,10098,16290,16201,9322]

 - problem: 70
   correct_answer: 407619
   guestCount: 1998
   packageSizes: [1,5,10,60,79,66,27,12,10,23,34,87,61,99,23,73,14,10,40,2,39,14,76,35,76,64,5,48,42,56,98,59,85,45,48,8,30,36,68,96,9,45,3,25,56,37,99,1,2,46,38,42,61,55,67,99,94,75,1]
   packageCosts: [273,1495,2967,14044,18147,15792,6397,3562,2283,5690,9561,20457,13020,23916,5918,17233,3610,2137,10343,475,10426,3080,19433,7939,18085,15100,1368,10558,12514,16710,21578,14436,23971,11981,10788,2197,7202,10562,15968,27158,2167,10844,773,6824,16387,10102,27833,333,494,9765,9873,11720,17410,13651,14264,21294,19162,20751,285]

 - problem: 71
   correct_answer: 876702
   guestCount: 4334
   packageSizes: [1,5,10,92,13,25,48,87,1,18,56,28,11,48,66,66,45,91,58,5,16,20,10,21,56,55,28,43,88,94,88,17,59,15,17,44,29,46,34,28,73,79,51,54,56,94,47,91,82,90]
   packageCosts: [331,1247,2826,22362,2801,7123,14209,18643,256,4506,16131,8431,3348,12446,18543,14330,11281,20588,15057,1274,4787,4193,2242,5686,15746,16050,7134,12558,26056,19010,21416,4172,17177,4063,5065,11367,7242,13620,9068,6616,20421,23243,11944,13188,16779,19866,12852,23114,19164,20785]

 - problem: 72
   correct_answer: 1403558
   guestCount: 6864
   packageSizes: [1,5,10,31,61,36,32,27,87,8,85,39,51,10,46,35,7,43,55,22,20,92,80,5,81,77,88,59,93,52,42,9,44,27,36,64,2,70,2,28,13,15,23,76,84,89,32,28,88,45,33]
   packageCosts: [284,1353,2373,8809,15249,8338,6542,7916,20847,2004,20329,9199,13953,2615,11046,8695,2105,10708,12967,6486,4410,23410,19059,1163,16663,21967,21851,14701,19178,11983,8994,1928,10238,5576,7631,16209,479,16258,566,7260,3929,3995,5810,16626,17605,25197,6725,6202,18557,9968,7278]

 - problem: 73
   correct_answer: 1348118
   guestCount: 6657
   packageSizes: [1,5,10,65,11,13,12,82,61,5,15,22,33,50,61,85,11,83,57,65,49,3,6,44,14,37,93,72,14,20,83,12,30,62,6,22,97,51,70,23,32,63,15,35,82,4,7,96,71,56,59,47]
   packageCosts: [230,1214,2597,14162,3199,2840,2525,19970,15831,1340,3100,4637,9917,14697,14835,21773,2730,20951,13719,14813,13535,931,1239,12790,3365,8641,22715,17777,3566,4581,18665,2964,7685,16109,1883,4455,26935,11324,20946,4883,8218,18211,3442,8983,17226,1004,1819,22252,21038,14530,14349,12977]

 - problem: 74
   correct_answer: 1123242
   guestCount: 5471
   packageSizes: [1,5,10,51,27,69,61,89,69,28,25,70,21,60,25,43,5,40,46,73,33,50,36,98,78,23,65,15,99,10,91,51,50,46,85,58,21,96,1,50,21,17,11,27,7,43,24,35,72,46,68,36,96]
   packageCosts: [333,1079,2697,12335,5702,19548,12921,24721,14466,8276,6377,19890,5370,15258,6786,9030,1155,11701,10880,18181,8180,14601,10209,25986,18739,5960,15404,3396,29475,2206,24350,12630,14886,12392,19857,13056,4903,19706,273,14897,4503,5001,3055,6036,1847,11884,6978,8328,21120,10227,18428,9072,26150]

 - problem: 75
   correct_answer: 668390
   guestCount: 3335
   packageSizes: [1,5,10,21,39,13,5,30,25,76,6,13,47,36,66,79,12,5,12,96,13,92,2,85,11,9,43,44,60,90,42,45,23,91,54,17,60,47,56,33,89,60,18,37,69,86,4,93,5,32,36,57,47,2]
   packageCosts: [261,1402,2924,4207,10976,2686,1261,8773,5218,22821,1567,3968,12669,9385,15180,21517,2990,1308,3595,19825,3482,23040,610,23813,2907,2418,9496,11418,15728,23313,9000,9494,6546,26564,14615,4209,15969,9838,14376,8675,18780,14721,4802,8551,17291,17590,1091,23547,1056,9330,7983,15487,14105,516]

 - problem: 76
   correct_answer: 692443
   guestCount: 3412
   packageSizes: [1,5,10,95,63,57,17,12,39,89,7,97,48,80,28,85,6,10,81,85,48,67,25,69,18,37,62,8,50,55,13,64,47,59,47,76,77,55,81,54,42,60,10,4,78,35,46,70,54,40,34,36,80,51,10]
   packageCosts: [356,1326,2243,19356,13471,14814,3587,2696,11126,21482,1889,20718,10577,18373,5689,25510,1770,2625,20989,17989,13872,20068,5171,19693,4074,7980,15081,2384,14113,12014,2808,12988,13276,13647,13120,16802,17785,12021,20508,13018,8583,16888,2104,876,18378,10429,11988,17994,11237,11137,8859,9778,18570,13749,3030]

 - problem: 77
   correct_answer: 1646931
   guestCount: 8143
   packageSizes: [1,5,10,30,53,5,64,94,70,97,47,49,45,31,78,31,3,65,55,67,96,59,74,11,61,33,28,85,61,47,65,53,46,27,78,48,74,93,67,96,31,32,41,37,35,16,42,7,20,2,60,89,34,95,54,28]
   packageCosts: [322,1393,2601,7776,13147,1099,14941,23411,14719,23117,10550,11076,9247,8622,22785,7605,687,17993,14258,19712,20236,16087,16989,3075,14654,8802,7963,19708,16684,10711,13406,10733,11780,6439,20581,12917,20274,24937,13550,26543,7471,7064,10066,9357,8706,3836,8725,2054,4233,604,13566,19344,9468,22960,13287,7958]

 - problem: 78
   correct_answer: 842494
   guestCount: 4183
   packageSizes: [1,5,10,98,34,60,35,93,36,24,53,18,16,76,50,8,37,49,9,89,15,98,26,38,10,85,42,63,44,26,52,61,68,5,19,20,51,78,40,5,95,4,5,17,75,48,8,95,66,16,87,6,47,6,3,89,82]
   packageCosts: [331,1048,2357,20377,7900,15141,9676,22532,10646,5996,12746,3732,4433,16968,12162,2366,9686,13237,1956,20547,4056,21727,6309,8506,2225,17609,10605,15846,11511,5872,15428,18265,20430,1390,4372,4746,14347,18895,8528,1256,28109,1065,1529,4558,19537,10153,2241,19420,18427,3688,22775,1387,11450,1412,659,22343,16513]

 - problem: 79
   correct_answer: 1026304
   guestCount: 5115
   packageSizes: [1,5,10,89,30,42,97,49,43,33,31,70,99,23,41,84,41,47,46,59,35,66,18,42,56,20,25,24,10,49,93,16,12,16,1,87,37,31,8,31,97,98,74,2,53,72,29,24,22,58,87,45,71,90,4,11,61,92]
   packageCosts: [286,1396,2129,20985,7434,12642,24881,11925,10532,7433,7420,19133,29573,4679,10252,17630,11314,9910,11850,16686,8821,17444,4294,12625,16185,5650,7149,6959,2857,12677,22923,3918,2539,4006,294,22507,7877,8772,1856,8533,20344,22508,16836,423,12725,17634,8582,4815,4948,17150,20546,11669,15212,18535,1210,2730,14285,19366]

 - problem: 80
   correct_answer: 1801410
   guestCount: 8928
   packageSizes: [1,5,10,24,7,73,49,40,25,24,88,14,16,26,66,85,16,45,23,38,75,51,12,72,6,52,61,15,9,32,96,85,72,87,26,69,19,68,18,64,99,70,70,8,49,16,88,65,86,39,45,46,62,52,50,40,73,71,58]
   packageCosts: [252,1165,2427,6012,1468,16907,11696,11613,5554,6387,17785,3416,3600,6169,17647,21057,4436,11456,5093,9703,20181,13163,3133,21297,1325,13166,17718,3869,2382,9354,19370,25471,17497,18679,5520,18029,4041,18990,3633,13562,21156,16103,14931,2055,14250,4756,21730,13467,22111,9159,10219,12857,18278,12632,10772,10237,15402,16551,14124]

 - problem: 81
   correct_answer: 1348335
   guestCount: 6691
   packageSizes: [1,5,10,73,96,28,9,22,67,87,25,25,77,21,53,9,32,33,30,16,1,3,15,40,69,73,65,85,48,20,49,28,42,55,33,42,7,8,73,79,37,22,99,70,4,65,14,67,85,89]
   packageCosts: [219,1320,2767,19822,22514,7760,2473,6319,18019,17746,6715,6988,22409,6019,12451,2781,6967,9488,6286,3609,332,961,3137,10977,20411,14789,19505,18012,12793,4343,9907,7797,10616,15029,8032,11858,1624,1980,14708,16170,7791,5301,23505,19251,1064,15743,4130,18513,21676,26589]

 - problem: 82
   correct_answer: 1129922
   guestCount: 5585
   packageSizes: [1,5,10,9,56,95,42,20,94,30,8,21,2,13,73,14,29,26,56,82,85,89,73,67,58,79,21,6,18,38,22,38,72,25,86,4,83,66,64,43,6,21,91,32,84,92,90,70,36,98,44]
   packageCosts: [335,1518,2799,2579,12605,22692,11927,6006,26321,6068,2239,6223,595,3722,15126,3913,7595,5928,14094,18857,23302,20753,19948,16278,17069,20229,5420,1274,5016,8578,6338,8863,19585,5873,20906,1176,20768,14569,13888,9696,1719,4347,20938,6610,23678,24133,25077,18199,8630,26614,13122]

 - problem: 83
   correct_answer: 1999643
   guestCount: 9950
   packageSizes: [1,5,10,33,10,18,4,30,65,43,98,2,95,46,83,66,87,34,94,79,25,15,79,73,87,13,15,95,10,11,4,15,54,53,9,17,94,17,53,63,89,5,42,48,49,55,98,19,98,89,24,50]
   packageCosts: [312,1548,2178,7534,2405,3914,1111,6315,17617,8641,25711,525,25156,13634,23794,13468,17707,7351,27640,19987,5475,3929,20734,15936,18562,3797,4101,19371,2198,2874,1063,3926,15205,12514,2149,3572,26806,3796,11492,14884,23203,1125,10000,14081,11237,14821,25718,5379,21691,21984,5174,12019]

 - problem: 84
   correct_answer: 244062
   guestCount: 1197
   packageSizes: [1,5,10,19,8,66,60,7,12,40,15,90,27,99,65,87,21,71,49,79,1,40,8,80,46,69,28,14,43,8,34,95,11,14,40,21,69,20,43,24,94,38,10,87,83,62,81,46,7,51,97,82,33]
   packageCosts: [309,1462,2593,3874,1837,18428,12992,1986,2533,9772,3434,24215,6633,20868,13944,23595,5924,20360,10045,22199,239,11254,1788,23051,12552,14133,7778,4154,10484,1742,8343,21096,3305,3337,10199,6149,14331,4610,11448,6091,27828,9026,2089,21534,19243,15706,18879,11383,1763,13625,28824,17720,9005]

 - problem: 85
   correct_answer: 206567
   guestCount: 1009
   packageSizes: [1,5,10,29,64,13,59,31,84,26,85,53,95,43,16,99,98,67,21,22,98,54,96,47,40,12,46,89,51,79,90,27,76,62,11,87,6,6,38,14,73,82,79,17,47,97,68,35,39,25,8,58,98,65]
   packageCosts: [265,1335,2352,8210,18164,3041,17657,9264,20611,6732,21681,11463,25044,12641,4180,21472,25054,16666,5430,5296,20972,12134,26785,13983,11654,2629,10545,20454,12334,23544,22754,6132,18182,15849,3033,26050,1800,1340,10395,4209,21178,19248,19973,3654,13028,25216,19041,7153,8425,7319,1931,16371,20325,16952]

 - problem: 86
   correct_answer: 1822078
   guestCount: 8975
   packageSizes: [1,5,10,52,23,51,38,60,63,42,90,35,56,22,99,53,36,92,73,18,62,90,97,83,65,23,52,7,85,2,19,33,90,80,1,73,9,82,9,27,9,81,63,66,28,66,55,80,37,2,6,46,74,73,54]
   packageCosts: [260,1088,2123,14899,6233,14526,10087,16600,18675,11471,24752,7229,12416,6427,25416,14757,7694,26354,16646,5310,14343,23376,26445,19699,18116,6742,11939,1501,19227,640,5349,9396,26550,19049,312,19580,2488,23880,2634,6379,2567,22202,17103,17389,7972,13446,15582,21594,7536,461,1530,11065,18932,14819,14038]

 - problem: 87
   correct_answer: 371603
   guestCount: 1818
   packageSizes: [1,5,10,78,30,9,48,51,75,84,5,83,36,13,85,81,35,24,48,35,11,25,37,44,42,20,10,43,49,56,21,59,44,37,37,43,96,78,26,40,20,46,52,76,3,34,97,92,74,38,73,5,94,21,98,84]
   packageCosts: [244,1267,2650,15941,7641,2472,12899,12575,17259,17805,1389,23525,9877,2801,19997,18890,9969,7119,11027,9824,3256,6288,8689,9955,11726,4586,2485,9790,14081,13881,5417,12289,10546,9761,10547,10480,25135,22012,5687,8668,4638,13594,14068,20456,620,7515,20237,26402,16369,9966,21260,1406,20213,4886,23377,17815]

 - problem: 88
   correct_answer: 874803
   guestCount: 4350
   packageSizes: [1,5,10,23,29,84,84,32,73,12,57,90,2,41,20,10,20,15,96,81,55,30,53,25,7,38,18,48,36,88,43,67,13,24,39,6,57,31,83,63,29,14,89,74,35,3,89,16,11,51,52,75,14,45,64,14,54]
   packageCosts: [302,1190,2206,5354,8315,20463,24518,7217,14699,3269,13461,25651,668,8442,5399,2896,4862,3842,25195,18445,11380,7347,14857,6421,2048,9615,4248,12027,8106,22654,11429,18943,3277,5626,8121,1754,11460,8613,20946,14950,8053,3633,24332,20949,8365,899,22638,4638,3285,11511,15380,18544,3428,11487,17904,3568,12769]

 - problem: 89
   correct_answer: 204856
   guestCount: 1014
   packageSizes: [1,5,10,49,8,11,15,57,13,6,59,67,44,51,59,2,85,76,14,87,12,73,25,50,17,18,85,22,21,17,3,47,91,37,85,72,22,34,72,21,1,74,67,2,23,9,33,26,50,19,63,15,17,16,1,42,84,76]
   packageCosts: [364,1513,2808,13738,2078,2250,4141,13947,2976,1618,14047,16278,12796,12830,11918,467,22401,20351,3036,24759,3061,16865,6256,13594,4666,4086,22003,4669,4843,5136,907,13314,19749,8122,22660,14991,5626,8206,14799,4739,324,21724,15361,609,6745,2154,7370,7832,12902,5626,13019,3254,4814,4408,246,8732,24842,20178]

 - problem: 90
   correct_answer: 839950
   guestCount: 4175
   packageSizes: [1,5,10,37,23,37,11,2,21,41,47,80,24,15,88,9,6,43,13,70,35,8,65,37,85,92,89,22,95,25,54,97,52,69,17,32,1,33,7,87,13,68,57,5,75,79,6,30,87,41,79,84,96,86,94,46,46,96,36]
   packageCosts: [295,1444,2430,10912,6873,8849,3181,453,6186,8612,11350,23620,5614,4296,17699,1975,1708,12149,3258,17240,9840,1907,18914,8955,17944,26607,20483,5178,21596,5489,13193,21970,13699,19656,4942,8699,281,8769,1471,22735,2808,19924,15657,1031,15376,23146,1834,6725,21894,8574,23511,22355,28341,21542,20435,10934,13810,28530,10088]

 - problem: 91
   correct_answer: 858261
   guestCount: 4262
   packageSizes: [1,5,10,19,28,7,36,10,53,14,69,73,86,53,11,1,72,20,24,82,86,88,92,10,62,88,26,69,82,33,97,42,17,64,53,56,70,99,36,48,85,91,45,69,17,71,20,97,57,19]
   packageCosts: [333,1332,2745,5112,8241,1777,9913,2986,15016,3652,15094,19220,18527,14702,2946,347,15860,5435,5109,20038,20687,20856,24835,2977,16066,25558,6862,15674,18754,7073,26332,12176,4408,18142,11912,11271,20450,26313,7711,12194,25137,22799,11819,19827,4047,18897,4330,21844,16254,4044]

 - problem: 92
   correct_answer: 3411912
   guestCount: 17036
   packageSizes: [1,5,10,62,36,47,15,51,56,10,66,46,19,89,31,72,77,92,2,92,77,2,65,1,92,65,78,69,33,64,25,69,85,37,30,73,21,67,73,37,89,22,1,81,61,36,9,31,74,80,82]
   packageCosts: [311,1454,2572,13724,7945,13346,4264,14019,12181,2564,18023,11371,4694,20020,7966,21324,21815,18755,548,18424,19178,471,14564,217,23834,17877,16474,14141,9295,18496,7287,18227,18889,10377,8854,20466,4784,15761,15383,8160,21492,5546,259,18226,16172,7981,2523,7914,16321,22686,18425]

 - problem: 93
   correct_answer: 3587810
   guestCount: 17096
   packageSizes: [1,5,10,92,12,90,12,95,14,94,80,21,11,36,37,67,41,35,19,44,36,54,8,97,97,87,95,13,59,94,39,77,12,45,30,47,28,8,38,64,2,8,98,6,94,13,52,81,47,64,68,23]
   packageCosts: [331,1094,2509,24458,2756,23049,2577,21728,3858,28155,18688,4958,2861,10345,10903,19732,9772,7687,5674,11975,8748,13246,2005,20356,25450,23739,24821,3086,17430,23504,9559,21841,3081,9492,8381,10367,7906,2231,10717,18464,613,1826,24540,1661,20531,3426,15405,17985,10795,15195,19477,5235]

 - problem: 94
   correct_answer: 2423550
   guestCount: 11778
   packageSizes: [1,5,10,68,95,74,78,53,78,39,15,77,42,65,39,39,26,57,90,16,52,43,66,95,56,2,37,44,83,68,32,68,88,48,46,27,5,90,99,75,64,9,10,42,81,56,26,94,31,48,70,37,87]
   packageCosts: [283,1090,2458,18638,25157,21409,20528,12709,17263,8664,3718,16088,10793,15675,11329,8025,7104,13790,19724,4154,11149,11263,13719,24563,15914,521,7897,11248,24407,15671,7080,14926,22570,13479,9993,8011,1481,25356,29074,20267,15951,2110,2873,9954,23325,15811,5552,20217,7808,10831,17344,11019,23207]

 - problem: 95
   correct_answer: 2043109
   guestCount: 10152
   packageSizes: [1,5,10,96,49,16,95,51,86,36,65,14,13,14,74,88,26,1,55,5,35,33,18,47,98,33,34,31,60,14,32,5,17,55,37,58,51,97,59,65,15,90,97,74,21,54,50,37,94,20,81,33,88,73]
   packageCosts: [289,1346,2885,23978,12056,3943,20418,13182,18876,9759,17781,2995,3905,3259,19792,22092,5980,274,14948,1476,8311,9746,4088,10288,25057,7130,8345,9234,17962,3784,6833,1083,4140,14978,8960,13626,11718,24497,12756,17745,3422,27007,28283,21089,5827,14840,14721,11156,25427,4228,16298,7823,19319,21893]

 - problem: 96
   correct_answer: 3367467
   guestCount: 16582
   packageSizes: [1,5,10,94,85,38,59,46,45,76,97,61,50,30,56,63,31,80,24,76,28,53,85,26,42,85,32,93,49,2,41,4,12,80,73,60,19,16,75,83,96,63,36,35,24,86,33,64,62,73,42,14,9,80,51]
   packageCosts: [311,1365,2899,21041,23316,10278,14492,11841,10870,17460,24979,13501,11434,6370,13390,16506,8550,17218,6417,21063,6866,13822,17259,6906,8867,21634,7500,23599,14586,598,9308,1053,3548,21362,21549,13930,3959,4451,18174,23545,20777,14873,8371,8963,6155,22951,9595,15503,14155,21129,10741,3683,2206,20200,15138]

 - problem: 97
   correct_answer: 3610201
   guestCount: 17908
   packageSizes: [1,5,10,96,53,27,11,80,44,26,35,91,23,67,36,76,77,68,25,61,98,57,13,32,2,12,16,24,27,3,42,76,73,46,71,86,40,90,38,30,85,28,79,91,43,12,36,61,49,71,22,36,88,78,67,12]
   packageCosts: [322,1081,2120,20912,15672,7459,3052,19597,11506,6504,9787,18650,4912,14090,7257,21218,18167,13765,6094,14304,26484,15733,3536,7653,528,3553,3575,6595,8071,810,10551,16569,15636,12930,19814,17478,9187,26282,9389,8240,24706,7520,23447,21745,11963,2562,8515,17882,12976,18446,5406,7658,19570,21413,18378,2485]

 - problem: 98
   correct_answer: 3020641
   guestCount: 15067
   packageSizes: [1,5,10,6,12,96,69,57,15,16,50,78,12,51,18,51,85,76,67,80,66,53,22,26,45,49,66,27,79,23,1,75,6,72,18,69,21,30,43,27,23,63,6,66,22,58,67,93,91,62,13,6,49,43,62,62,43]
   packageCosts: [288,1402,2755,1756,3001,21035,18445,15478,3561,3413,11340,18803,3556,10931,4005,10224,17096,16706,18846,18712,17122,15155,4561,5865,12472,10781,14832,7320,16568,6904,263,19915,1358,18583,5114,19134,4435,7345,11223,7633,6144,15311,1840,19152,5549,14186,13671,22804,22668,17795,3201,1492,12503,8900,16808,14339,11535]

 - problem: 99
   correct_answer: 3876363
   guestCount: 19348
   packageSizes: [1,5,10,59,45,65,28,16,81,9,99,11,19,35,28,43,57,18,18,29,59,39,86,19,1,71,57,15,3,87,3,42,4,31,8,98,57,82,80,75,69,43,60,51,19,54,65,45,80,34,41,34,65,63,43,19,81,19]
   packageCosts: [226,1176,2170,12099,9539,15204,8027,4125,21482,2628,25597,2306,4776,7528,6096,10006,12872,4660,4989,8164,13726,9318,20399,4941,295,17194,16955,4507,904,23589,950,8868,915,6416,2179,21108,13246,16427,23437,17380,17623,12506,13761,13951,3919,15310,16815,11585,18037,9307,10730,9939,18176,15704,11673,4961,19014,5713]

 - problem: 100
   correct_answer: 2530526
   guestCount: 12284
   packageSizes: [1,5,10,70,13,50,74,52,22,73,64,23,27,7,31,48,29,15,71,55,60,52,1,55,70,43,19,29,48,85,76,73,61,6,85,25,88,94,52,53,67,3,31,34,80,59,79,45,76,12,61,8,70,65,81,5,43,53,33]
   packageCosts: [351,1114,2443,15883,3248,10810,15562,11840,6096,16810,18847,4960,6895,2081,6458,12899,8481,3767,17730,11359,14248,15137,306,11339,16525,8858,4773,7717,13041,18298,20388,20019,13491,1390,20644,6664,25278,28149,13585,14043,18718,672,6856,8178,21211,15123,19642,12670,19466,2522,14115,2162,20204,14551,22916,1034,9340,13591,7554]
